﻿ikn,servdate,dayssupl,quant_predeq_strength,daily,followdate,cumdose,enddate,admcensdate
1,29-Aug-15,12,36,3,29-Aug-15,450,10-Sep-15,28-Aug-16
1,21-Dec-15,9,22.5,2.5,29-Aug-15,486,30-Dec-15,28-Aug-16
1,30-Dec-15,30,50,1.666666667,29-Aug-15,508.5,29-Jan-16,28-Aug-16
1,01-Feb-16,30,50,1.666666667,29-Aug-15,558.5,02-Mar-16,28-Aug-16
1,10-Mar-16,30,50,1.666666667,29-Aug-15,608.5,09-Apr-16,28-Aug-16
1,10-Apr-16,30,70,2.333333333,29-Aug-15,658.5,10-May-16,28-Aug-16
1,20-May-16,50,80,1.6,29-Aug-15,728.5,09-Jul-16,28-Aug-16
1,15-Jul-16,60,200,3.333333333,29-Aug-15,808.5,13-Sep-16,28-Aug-16
2,12-Aug-13,3,128.5714286,42.85714286,12-Aug-13,471.4285714,15-Aug-13,12-Aug-14
2,18-Aug-13,4,100,14.28571429,12-Aug-13,600,22-Aug-13,12-Aug-14
2,22-Aug-13,7,100,14.28571429,12-Aug-13,657.1429,29-Aug-13,12-Aug-14
2,29-Aug-13,7,100,14.28571429,12-Aug-13,757.1429,05-Sep-13,12-Aug-14
2,13-Oct-13,30,50,1.666666667,12-Aug-13,857.1429,12-Nov-13,12-Aug-14
2,28-Nov-13,14,60,4.285714286,12-Aug-13,907.1429,12-Dec-13,12-Aug-14
2,19-Jan-14,20,10,0.5,12-Aug-13,967.1429,08-Feb-14,12-Aug-14
2,22-Mar-14,40,20,0.5,12-Aug-13,977.1429,01-May-14,12-Aug-14
2,21-Jun-14,40,100,2.5,12-Aug-13,997.1429,31-Jul-14,12-Aug-14
2,31-Jul-14,40,200,5,12-Aug-13,1097.1429,09-Sep-14,12-Aug-14
3,06-Jan-12,7,420,60,06-Jan-12,460,13-Jan-12,05-Jan-13
3,06-Mar-12,12,384,32,06-Jan-12,880,18-Mar-12,05-Jan-13
4,01-Jan-13,10,120,12,01-Jan-13,500,11-Jan-13,01-Jan-14
7,23-Oct-13,8,56,7,23-Oct-13,454,31-Oct-13,23-Oct-14
7,01-Nov-13,10,200,20,23-Oct-13,510,11-Nov-13,23-Oct-14